# trna_a9bc516d-e3da-489d-93ef-5eb20e3f13c3_ALL-000001_AA.pdb trna_a9bc516d-e3da-489d-93ef-5eb20e3f13c3_ALL-000002_AA.pdb trna_a9bc516d-e3da-489d-93ef-5eb20e3f13c3_ALL-000003_AA.pdb trna_a9bc516d-e3da-489d-93ef-5eb20e3f13c3_ALL-000004_AA.pdb trna_a9bc516d-e3da-489d-93ef-5eb20e3f13c3_ALL-000005_AA.pdb trna_a9bc516d-e3da-489d-93ef-5eb20e3f13c3_ALL-000006_AA.pdb trna_a9bc516d-e3da-489d-93ef-5eb20e3f13c3_ALL-000007_AA.pdb trna_a9bc516d-e3da-489d-93ef-5eb20e3f13c3_ALL-000008_AA.pdb trna_a9bc516d-e3da-489d-93ef-5eb20e3f13c3_ALL-000009_AA.pdb trna_a9bc516d-e3da-489d-93ef-5eb20e3f13c3_ALL-000010_AA.pdb trna_min.out.1.pdb trna_min.out.2.pdb trna_min.out.3.pdb trna_min.out.4.pdb trna_min.out.5.pdb trna_min.out.6.pdb trna_min.out.7.pdb trna_min.out.8.pdb trna_min.out.9.pdb trna_min.out.10.pdb taf_822df074-320e-4166-9fd1-8fbcf085908a_ALL-000001_AA.pdb taf_822df074-320e-4166-9fd1-8fbcf085908a_ALL-000002_AA.pdb taf_822df074-320e-4166-9fd1-8fbcf085908a_ALL-000003_AA.pdb taf_822df074-320e-4166-9fd1-8fbcf085908a_ALL-000004_AA.pdb taf_822df074-320e-4166-9fd1-8fbcf085908a_ALL-000005_AA.pdb taf_822df074-320e-4166-9fd1-8fbcf085908a_ALL-000006_AA.pdb taf_822df074-320e-4166-9fd1-8fbcf085908a_ALL-000007_AA.pdb taf_822df074-320e-4166-9fd1-8fbcf085908a_ALL-000008_AA.pdb taf_822df074-320e-4166-9fd1-8fbcf085908a_ALL-000009_AA.pdb taf_822df074-320e-4166-9fd1-8fbcf085908a_ALL-000010_AA.pdb taf_min.out.1.pdb taf_min.out.2.pdb taf_min.out.3.pdb taf_min.out.4.pdb taf_min.out.5.pdb taf_min.out.6.pdb taf_min.out.7.pdb taf_min.out.8.pdb taf_min.out.9.pdb taf_min.out.10.pdb tm5_613bcfcf-f513-4945-9cf4-6df7db04545e_ALL-000001_AA.pdb tm5_613bcfcf-f513-4945-9cf4-6df7db04545e_ALL-000002_AA.pdb tm5_613bcfcf-f513-4945-9cf4-6df7db04545e_ALL-000003_AA.pdb tm5_613bcfcf-f513-4945-9cf4-6df7db04545e_ALL-000004_AA.pdb tm5_613bcfcf-f513-4945-9cf4-6df7db04545e_ALL-000005_AA.pdb tm5_613bcfcf-f513-4945-9cf4-6df7db04545e_ALL-000006_AA.pdb tm5_613bcfcf-f513-4945-9cf4-6df7db04545e_ALL-000007_AA.pdb tm5_613bcfcf-f513-4945-9cf4-6df7db04545e_ALL-000008_AA.pdb tm5_613bcfcf-f513-4945-9cf4-6df7db04545e_ALL-000009_AA.pdb tm5_613bcfcf-f513-4945-9cf4-6df7db04545e_ALL-000010_AA.pdb tm5_min.out.1.pdb tm5_min.out.2.pdb tm5_min.out.3.pdb tm5_min.out.4.pdb tm5_min.out.5.pdb tm5_min.out.6.pdb tm5_min.out.7.pdb tm5_min.out.8.pdb tm5_min.out.9.pdb tm5_min.out.10.pdb tab_cf61bea5-88c4-4e82-8042-dc04ce5cadcf_ALL-000001_AA.pdb tab_cf61bea5-88c4-4e82-8042-dc04ce5cadcf_ALL-000002_AA.pdb tab_cf61bea5-88c4-4e82-8042-dc04ce5cadcf_ALL-000003_AA.pdb tab_cf61bea5-88c4-4e82-8042-dc04ce5cadcf_ALL-000004_AA.pdb tab_cf61bea5-88c4-4e82-8042-dc04ce5cadcf_ALL-000005_AA.pdb tab_cf61bea5-88c4-4e82-8042-dc04ce5cadcf_ALL-000006_AA.pdb tab_cf61bea5-88c4-4e82-8042-dc04ce5cadcf_ALL-000007_AA.pdb tab_cf61bea5-88c4-4e82-8042-dc04ce5cadcf_ALL-000008_AA.pdb tab_cf61bea5-88c4-4e82-8042-dc04ce5cadcf_ALL-000009_AA.pdb tab_cf61bea5-88c4-4e82-8042-dc04ce5cadcf_ALL-000010_AA.pdb tab_min.out.1.pdb tab_min.out.2.pdb tab_min.out.3.pdb tab_min.out.4.pdb tab_min.out.5.pdb tab_min.out.6.pdb tab_min.out.7.pdb tab_min.out.8.pdb tab_min.out.9.pdb tab_min.out.10.pdb tm2_8ca21d4d-7ceb-4736-9619-7c1814c75637_ALL-000001_AA.pdb tm2_8ca21d4d-7ceb-4736-9619-7c1814c75637_ALL-000002_AA.pdb tm2_8ca21d4d-7ceb-4736-9619-7c1814c75637_ALL-000003_AA.pdb tm2_8ca21d4d-7ceb-4736-9619-7c1814c75637_ALL-000004_AA.pdb tm2_8ca21d4d-7ceb-4736-9619-7c1814c75637_ALL-000005_AA.pdb tm2_8ca21d4d-7ceb-4736-9619-7c1814c75637_ALL-000006_AA.pdb tm2_8ca21d4d-7ceb-4736-9619-7c1814c75637_ALL-000007_AA.pdb tm2_8ca21d4d-7ceb-4736-9619-7c1814c75637_ALL-000008_AA.pdb tm2_8ca21d4d-7ceb-4736-9619-7c1814c75637_ALL-000009_AA.pdb tm2_8ca21d4d-7ceb-4736-9619-7c1814c75637_ALL-000010_AA.pdb tm2_min.out.1.pdb tm2_min.out.2.pdb tm2_min.out.3.pdb tm2_min.out.4.pdb tm2_min.out.5.pdb tm2_min.out.6.pdb tm2_min.out.7.pdb tm2_min.out.8.pdb tm2_min.out.9.pdb tm2_min.out.10.pdb 
0.0 7.434 7.601 6.091 16.525 6.087 6.124 14.642 16.293 6.593 12.29 10.759 9.565 14.718 9.916 8.836 9.103 11.796 10.099 14.903 10.865 12.959 10.844 12.836 10.787 12.738 17.666 12.63 11.499 10.859 10.124 12.31 14.601 14.41 11.02 9.082 11.587 10.838 14.371 16.77 12.365 15.169 16.269 6.622 10.928 12.338 17.577 11.019 16.803 15.018 14.945 10.934 15.086 16.375 12.236 10.541 9.717 10.508 11.175 13.595 14.388 14.373 14.988 11.459 16.715 17.85 10.886 10.024 11.074 9.808 11.803 10.439 12.957 15.346 13.578 10.307 16.522 9.942 11.957 12.568 11.505 8.965 10.351 10.764 10.407 7.842 12.958 12.21 7.405 9.495 13.632 14.865 11.699 10.956 12.9 11.218 11.87 11.867 16.089 11.163 
7.434 0.0 2.084 4.339 17.755 4.332 5.227 11.616 17.665 11.147 11.138 10.565 10.311 15.455 10.564 10.037 10.936 11.521 10.266 15.388 10.924 11.843 10.634 11.832 10.599 12.452 17.597 12.465 11.399 12.167 11.389 12.535 14.758 14.317 10.894 9.614 11.964 10.966 14.768 14.917 11.394 11.721 13.867 9.901 12.023 9.92 18.239 11.678 16.734 12.554 14.908 10.691 14.942 16.891 10.171 10.173 10.598 9.895 11.221 13.794 16.088 15.447 15.964 13.474 17.77 16.401 12.991 11.365 11.544 10.841 11.816 11.093 11.322 12.583 13.993 10.184 14.124 10.269 12.285 11.279 10.269 9.461 9.359 10.546 10.621 8.504 11.001 11.081 8.34 11.902 13.302 14.314 12.086 12.786 11.978 10.788 11.86 11.603 14.364 11.987 
7.601 2.084 0.0 4.242 18.0 4.236 5.662 11.331 18.032 11.244 10.664 9.986 9.783 15.904 10.086 10.108 11.022 10.866 9.842 15.649 10.541 11.598 10.261 11.435 10.26 12.271 17.156 12.262 11.187 11.898 10.851 11.923 14.931 14.427 10.12 9.127 11.442 10.273 15.167 14.719 10.886 11.502 13.58 9.316 11.429 9.501 17.982 11.058 16.158 12.272 15.082 10.079 15.115 17.129 9.158 9.652 10.047 9.312 10.528 13.917 16.3 15.694 16.296 13.357 18.385 16.405 13.016 11.297 11.833 10.908 11.155 11.076 10.484 12.115 14.329 9.942 14.059 9.578 12.031 11.042 9.662 8.85 8.972 9.882 10.006 8.075 10.499 10.551 7.927 11.507 12.657 13.702 11.536 12.537 11.805 9.94 11.263 10.876 13.805 11.578 
6.091 4.339 4.242 0.0 17.617 0.109 3.597 10.61 17.692 9.141 12.175 10.714 9.361 16.395 9.58 9.317 11.042 10.405 10.939 15.805 9.505 10.87 9.247 10.726 9.268 11.28 17.874 11.01 10.327 11.489 10.915 11.601 15.331 14.958 10.27 8.793 10.716 10.237 15.225 14.064 11.701 11.185 12.643 8.409 11.188 8.934 18.022 11.235 16.756 11.519 15.555 9.951 15.667 16.828 10.439 10.023 10.183 9.365 11.436 14.361 15.841 15.481 15.799 13.622 17.811 16.139 13.451 11.434 11.938 10.99 10.682 10.976 10.434 11.632 14.4 10.787 13.697 9.29 12.357 11.807 9.343 8.529 8.801 9.301 9.553 7.158 9.524 9.887 7.142 10.016 12.241 13.177 12.686 13.416 13.198 10.7 10.843 10.292 13.687 12.936 
16.525 17.755 18.0 17.617 0.0 17.626 17.228 15.145 4.533 15.992 16.279 20.069 20.281 14.825 19.816 18.734 18.349 17.906 18.705 10.129 16.92 16.18 17.699 17.156 17.735 15.841 18.835 17.526 15.4 15.035 18.525 20.314 15.082 16.246 20.516 18.294 20.272 19.938 13.454 14.69 17.612 15.174 13.293 17.093 19.594 16.437 11.868 19.257 17.4 13.434 15.232 17.405 15.212 8.693 18.496 17.931 17.874 18.074 19.194 16.144 13.199 13.776 13.021 15.042 9.442 12.311 13.199 14.144 12.838 13.186 19.567 14.35 16.879 14.747 14.449 16.578 15.18 18.605 15.69 16.862 17.863 17.388 18.71 18.689 16.937 16.122 16.399 17.08 17.346 18.137 17.768 17.456 17.835 15.549 14.539 20.097 19.378 17.882 15.567 16.125 
6.087 4.332 4.236 0.109 17.626 0.0 3.606 10.622 17.7 9.138 12.184 10.723 9.37 16.395 9.589 9.329 11.051 10.415 10.947 15.815 9.512 10.881 9.257 10.734 9.278 11.287 17.877 11.018 10.339 11.497 10.921 11.608 15.336 14.964 10.276 8.794 10.723 10.237 15.228 14.081 11.707 11.2 12.655 8.399 11.192 8.945 18.043 11.242 16.761 11.532 15.561 9.962 15.674 16.834 10.443 10.034 10.189 9.376 11.44 14.364 15.84 15.48 15.799 13.63 17.823 16.163 13.455 11.44 11.931 10.989 10.685 10.978 10.443 11.645 14.406 10.794 13.717 9.295 12.35 11.815 9.354 8.532 8.814 9.304 9.561 7.162 9.531 9.9 7.144 10.011 12.251 13.187 12.69 13.416 13.203 10.702 10.847 10.295 13.7 12.933 
6.124 5.227 5.662 3.597 17.228 3.606 0.0 11.892 17.28 8.718 13.264 11.573 10.06 17.001 9.791 8.887 10.949 10.726 11.224 15.567 10.047 10.834 9.707 11.096 9.77 11.547 17.541 11.106 10.289 12.216 12.084 12.32 15.692 15.437 11.144 9.418 11.545 10.997 15.5 13.522 12.529 11.648 13.241 9.735 12.171 9.615 18.292 11.996 16.722 11.86 15.937 10.975 15.961 16.591 11.458 11.312 11.469 10.484 12.055 15.195 16.178 15.865 15.835 14.352 17.282 16.105 14.185 12.313 11.336 11.734 11.621 11.23 11.731 12.088 14.937 11.423 13.407 10.513 13.938 12.371 10.278 9.801 10.141 10.907 10.574 8.333 10.709 10.286 8.267 11.265 12.769 13.564 13.53 13.712 13.416 11.631 11.52 10.994 14.033 13.21 
14.642 11.616 11.331 10.61 15.145 10.622 11.892 0.0 14.351 16.273 15.941 14.499 13.748 18.853 13.57 13.538 16.405 10.874 15.561 15.437 10.944 10.061 11.333 9.934 11.028 10.448 16.635 11.095 11.415 14.787 14.856 13.014 18.023 18.266 12.699 13.775 12.918 13.044 16.852 12.074 15.044 7.548 6.46 14.26 14.151 9.622 12.844 15.196 16.109 7.732 18.204 11.408 18.379 13.602 11.939 13.264 14.206 12.077 15.137 18.256 16.378 16.051 15.409 18.022 14.999 11.943 18.165 16.16 14.898 16.0 12.881 15.229 10.074 9.973 17.437 14.937 12.167 12.489 16.129 14.347 9.985 11.908 11.773 10.346 11.439 11.982 7.289 10.159 12.647 13.812 12.324 12.325 16.368 18.447 16.752 14.135 12.556 11.916 12.875 18.016 
16.293 17.665 18.032 17.692 4.533 17.7 17.28 14.351 0.0 15.607 16.324 19.849 19.701 15.088 19.18 19.079 18.585 17.318 18.72 11.489 17.556 16.128 18.291 17.003 18.272 16.264 19.521 18.062 15.918 15.7 18.857 19.923 15.429 16.395 20.013 17.937 20.58 19.324 13.897 13.642 17.735 14.292 12.474 17.27 19.817 16.108 10.029 19.425 17.025 13.162 15.59 17.998 15.509 9.712 17.433 18.307 18.095 18.825 19.273 16.04 13.725 14.264 13.497 15.288 7.605 10.475 12.769 13.569 13.744 12.623 19.003 13.714 16.524 14.244 14.191 16.683 14.499 18.836 15.829 16.697 17.119 17.59 19.004 18.259 17.058 16.232 15.898 16.099 17.226 19.017 17.588 17.336 17.886 15.372 14.823 20.02 18.93 17.409 15.136 16.432 
6.593 11.147 11.244 9.141 15.992 9.138 8.718 16.273 15.607 0.0 15.636 15.15 13.042 15.658 12.087 12.415 13.313 13.705 14.39 16.329 12.353 13.895 12.298 14.149 12.661 13.879 17.072 13.528 12.748 12.269 13.817 14.571 14.475 14.559 14.205 11.18 14.711 12.327 14.433 16.0 15.652 16.322 17.143 8.013 13.696 14.045 15.298 13.709 16.482 15.812 15.119 14.084 15.104 16.798 14.696 13.852 13.411 13.861 14.372 13.867 13.862 14.212 14.165 14.445 15.491 16.002 13.282 12.377 11.823 11.724 13.526 11.05 14.872 15.968 13.63 13.297 15.983 13.089 14.776 15.017 13.831 11.878 13.591 13.961 12.367 10.212 14.431 13.303 10.261 10.432 15.065 16.144 15.139 13.869 15.231 14.263 14.225 12.741 16.987 14.188 
12.29 11.138 10.664 12.175 16.279 12.184 13.264 15.941 16.324 15.636 0.0 9.446 11.809 14.414 13.187 13.303 12.057 14.315 8.657 11.613 13.927 15.011 13.045 14.849 13.696 15.771 19.177 15.964 14.242 10.928 9.213 13.462 13.949 13.234 11.869 10.84 13.398 12.48 14.968 17.959 7.951 14.88 17.277 12.642 11.79 12.422 18.574 10.827 17.299 15.946 14.051 10.796 14.201 14.691 9.818 8.24 8.317 9.254 8.967 12.94 16.144 15.986 17.458 9.472 16.47 17.706 9.376 8.64 13.555 9.656 13.094 11.883 12.449 14.567 13.375 8.519 16.803 9.938 8.399 8.232 11.596 10.227 10.059 11.524 11.052 10.434 14.133 12.84 10.289 14.929 14.515 15.742 7.704 8.968 7.293 9.765 13.124 13.238 15.67 8.179 
10.759 10.565 9.986 10.714 20.069 10.723 11.573 14.499 19.849 15.15 9.446 0.0 6.336 16.426 8.48 8.665 7.553 9.302 3.777 16.566 12.911 14.626 12.386 13.574 12.444 14.732 18.566 14.934 13.451 12.819 7.71 9.736 18.485 17.853 7.651 8.764 9.377 9.527 18.684 17.439 9.015 13.662 14.948 12.001 7.058 11.347 18.497 6.768 16.029 14.74 18.354 9.08 18.578 18.631 8.295 8.714 7.544 8.785 5.593 16.563 17.679 17.742 19.078 9.096 19.96 17.82 11.772 10.535 15.44 12.299 10.026 14.573 11.152 13.65 16.749 10.521 18.135 8.742 12.428 12.795 9.044 9.017 9.029 7.815 9.973 10.043 12.465 11.523 8.905 13.418 10.943 11.977 6.231 8.679 13.177 5.935 8.186 10.233 12.1 8.47 
9.565 10.311 9.783 9.361 20.281 9.37 10.06 13.748 19.701 13.042 11.809 6.336 0.0 17.386 4.797 6.804 6.91 7.666 7.588 18.181 11.018 13.269 10.454 11.999 10.473 12.925 16.549 12.654 12.055 12.797 8.442 7.002 18.332 17.736 6.044 6.582 7.001 7.262 19.172 15.729 9.215 12.653 13.978 10.304 6.945 10.152 18.24 7.396 14.283 13.729 18.416 9.006 18.6 20.029 9.544 8.786 8.759 8.983 7.596 16.811 18.191 18.191 19.3 12.227 20.167 17.101 13.391 11.191 15.261 12.229 6.45 13.802 9.408 11.999 16.881 11.093 16.808 7.813 13.428 13.217 8.995 8.944 9.079 7.986 9.747 9.661 11.468 10.93 8.219 11.129 8.654 9.558 10.072 11.678 14.991 6.456 7.006 8.171 10.29 11.435 
14.718 15.455 15.904 16.395 14.825 16.395 17.001 18.853 15.088 15.658 14.414 16.426 17.386 0.0 18.337 16.494 14.177 20.171 15.476 13.721 18.769 19.554 18.673 19.976 18.74 19.02 17.057 19.885 18.671 15.824 15.114 18.583 8.477 8.121 18.526 15.884 18.105 16.815 7.048 20.489 16.702 20.164 19.593 14.969 15.918 18.93 17.285 15.949 17.553 20.188 6.95 17.625 6.836 15.134 18.269 15.578 15.039 16.666 15.915 6.673 8.406 8.107 9.582 12.613 15.725 17.863 12.243 13.172 13.763 12.568 18.177 15.944 19.024 20.322 6.667 15.105 18.105 16.417 11.607 16.128 19.555 16.632 17.204 18.592 17.87 16.03 20.312 19.694 16.06 15.62 20.441 21.612 15.214 13.347 14.216 16.821 18.104 18.48 21.368 13.686 
9.916 10.564 10.086 9.58 19.816 9.589 9.791 13.57 19.18 12.087 13.187 8.48 4.797 18.337 0.0 6.564 7.904 6.442 9.199 18.081 9.89 12.051 9.635 10.949 9.531 11.388 14.777 11.258 10.586 12.703 9.542 6.331 17.988 17.763 6.426 6.057 7.334 5.685 18.588 14.258 10.677 11.937 13.303 10.42 6.225 9.855 17.296 6.755 12.716 12.618 18.247 9.253 18.425 18.937 10.132 9.64 9.861 9.531 8.149 17.117 17.09 17.086 17.538 13.246 19.501 15.814 14.106 11.695 14.296 12.255 5.461 13.184 10.151 11.456 17.132 11.542 16.2 9.01 14.796 14.353 8.647 9.038 9.586 8.544 9.42 9.563 10.943 10.396 8.272 10.769 7.356 8.628 11.151 12.88 15.843 6.545 5.882 5.762 10.186 12.382 
8.836 10.037 10.108 9.317 18.734 9.329 8.887 13.538 19.079 12.415 13.303 8.665 6.804 16.494 6.564 0.0 5.352 9.625 8.866 16.851 10.81 12.763 10.697 12.1 10.433 12.473 16.528 12.37 11.22 12.289 9.312 8.441 17.765 17.429 8.065 8.286 7.423 9.046 17.661 15.726 11.565 12.938 14.385 11.085 8.333 10.746 18.476 9.052 14.118 13.164 17.68 9.183 17.861 18.541 11.337 9.884 9.752 9.244 9.366 16.22 16.953 16.788 17.37 12.433 18.88 16.466 13.908 11.845 13.501 12.623 8.868 13.859 11.823 13.533 15.808 11.376 16.428 8.999 13.921 14.078 10.132 9.661 9.772 9.599 10.412 9.657 12.143 11.646 9.172 11.115 10.115 11.017 11.631 12.895 14.993 8.911 8.144 9.637 12.583 12.461 
9.103 10.936 11.022 11.042 18.349 11.051 10.949 16.405 18.585 13.313 12.057 7.553 6.91 14.177 7.904 5.352 0.0 11.729 6.968 15.429 12.829 15.106 12.475 14.289 12.265 14.732 17.697 14.497 13.388 12.251 8.15 9.835 16.77 16.239 8.952 8.374 9.053 9.892 16.629 18.676 10.594 15.431 17.399 11.322 8.211 12.926 19.944 8.368 15.145 16.391 16.454 10.539 16.59 17.759 12.215 9.782 8.853 9.909 8.481 14.875 16.29 16.139 17.481 10.051 18.838 18.248 11.603 10.66 13.597 11.373 10.13 14.098 13.521 15.972 14.819 10.449 18.571 9.783 12.716 14.044 12.004 10.328 10.415 10.891 11.815 10.703 14.46 13.746 9.604 12.083 12.341 13.484 9.832 10.495 14.029 8.581 9.976 11.653 14.486 10.131 
11.796 11.521 10.866 10.405 17.906 10.415 10.726 10.874 17.318 13.705 14.315 9.302 7.666 20.171 6.442 9.625 11.729 0.0 10.195 17.29 10.215 10.847 10.415 9.944 10.148 10.51 14.838 10.835 10.792 14.207 11.834 8.68 18.031 18.178 7.903 9.757 9.78 8.472 18.411 12.247 11.943 10.095 9.897 12.041 8.593 9.77 14.224 9.2 13.052 10.793 18.455 9.732 18.629 16.782 8.827 11.327 11.676 10.802 9.428 18.568 17.018 17.097 17.014 14.979 17.78 13.77 16.099 13.778 14.888 14.477 8.579 14.281 9.043 10.104 18.289 13.12 14.609 10.293 16.185 14.422 7.704 10.008 10.837 7.939 9.575 10.866 9.203 8.994 10.165 12.491 7.835 8.527 11.825 13.934 16.347 8.244 6.86 7.142 9.328 13.538 
10.099 10.266 9.842 10.939 18.705 10.947 11.224 15.561 18.72 14.39 8.657 3.777 7.588 15.476 9.199 8.866 6.968 10.195 0.0 14.844 13.622 15.039 13.104 14.456 13.138 15.405 18.464 15.564 13.825 12.597 8.293 10.801 17.057 16.414 8.816 9.186 10.586 10.032 17.274 17.949 9.348 14.881 16.408 11.732 8.051 12.556 19.32 7.148 15.694 15.818 16.981 9.908 17.139 17.276 8.595 9.098 8.121 9.391 5.121 15.467 16.616 16.616 17.914 8.712 19.123 18.414 11.043 10.361 13.974 11.782 11.2 14.064 12.471 15.049 15.786 9.961 18.327 9.613 12.338 12.292 10.435 9.629 10.075 9.752 10.887 10.497 13.811 12.499 9.427 13.518 12.18 13.486 5.68 7.27 11.642 6.495 9.463 11.252 13.419 6.421 
14.903 15.388 15.649 15.805 10.129 15.815 15.567 15.437 11.489 16.329 11.613 16.566 18.181 13.721 18.081 16.851 15.429 17.29 14.844 0.0 15.302 15.306 15.742 16.27 15.65 14.338 17.877 15.656 14.548 12.33 14.683 18.609 13.639 14.107 18.292 16.04 17.954 18.053 12.131 17.742 14.047 17.687 14.461 15.235 17.619 16.734 15.654 17.016 18.961 14.256 13.578 15.185 13.684 6.555 18.074 14.178 14.084 14.558 15.976 14.704 13.148 13.189 13.006 11.827 12.164 16.515 11.278 11.914 10.395 11.041 18.662 13.468 18.192 18.122 13.739 12.434 18.828 15.256 11.449 12.78 17.372 14.859 15.425 17.267 15.421 14.221 17.131 17.471 14.923 16.156 17.556 17.241 14.069 13.006 9.474 17.022 18.714 18.023 17.256 12.465 
10.865 10.924 10.541 9.505 16.92 9.512 10.047 10.944 17.556 12.353 13.927 12.911 11.018 18.769 9.89 10.81 12.829 10.215 13.622 15.302 0.0 4.499 2.935 3.744 2.435 4.366 14.977 3.649 3.303 8.457 10.024 9.363 16.27 16.405 8.749 8.955 9.345 10.037 16.748 11.176 11.348 9.87 10.943 9.383 10.625 7.613 16.851 11.672 14.653 9.187 16.915 7.568 17.042 15.809 11.995 9.297 10.004 8.107 12.415 16.734 16.392 16.438 16.472 14.657 18.721 15.019 14.236 11.634 11.577 11.335 9.15 10.94 8.398 10.13 16.394 10.42 12.25 7.881 13.543 12.042 7.173 7.113 7.522 7.722 6.547 6.669 7.006 7.444 7.092 8.959 9.3 10.097 13.711 15.251 14.183 11.16 10.765 9.176 12.689 14.76 
12.959 11.843 11.598 10.87 16.18 10.881 10.834 10.061 16.128 13.895 15.011 14.626 13.269 19.554 12.051 12.763 15.106 10.847 15.039 15.306 4.499 0.0 4.935 2.847 4.84 4.949 15.076 3.95 4.297 10.294 12.409 11.368 16.228 16.442 10.594 11.265 11.687 11.936 16.774 8.866 12.918 8.284 9.347 12.011 13.0 7.684 15.242 13.742 14.942 7.615 16.871 9.034 16.846 15.084 12.085 11.141 12.111 9.604 13.843 17.286 17.044 17.028 16.572 16.563 16.886 13.209 16.049 13.518 12.148 13.125 11.472 11.655 8.816 9.366 16.848 11.51 9.889 10.057 15.349 12.253 7.515 8.982 9.203 9.385 7.842 8.605 6.301 6.391 9.351 11.948 10.499 10.983 15.081 16.695 14.281 12.87 12.364 10.639 12.858 16.143 
10.844 10.634 10.261 9.247 17.699 9.257 9.707 11.333 18.291 12.298 13.045 12.386 10.454 18.673 9.635 10.697 12.475 10.415 13.104 15.742 2.935 4.935 0.0 4.273 2.717 6.455 15.585 4.925 4.08 7.742 9.256 9.09 16.336 16.145 8.345 8.06 9.201 9.681 17.199 10.825 10.752 9.273 11.202 9.682 10.558 6.482 16.541 11.341 14.881 9.284 16.841 7.233 16.819 16.804 11.47 8.231 9.227 7.13 11.911 16.352 17.392 17.384 17.567 14.206 17.821 14.549 13.704 10.683 12.935 10.68 8.702 10.266 7.769 9.316 16.074 9.266 11.505 7.038 13.292 11.415 6.409 6.494 6.306 7.607 5.85 5.948 6.867 6.415 6.235 9.981 9.213 10.075 13.173 14.962 13.884 10.725 10.756 8.972 12.318 14.61 
12.836 11.832 11.435 10.726 17.156 10.734 11.096 9.934 17.003 14.149 14.849 13.574 11.999 19.976 10.949 12.1 14.289 9.944 14.456 16.27 3.744 2.847 4.273 0.0 4.058 4.621 14.543 3.664 4.806 10.357 11.202 9.886 16.838 16.988 9.022 10.407 10.325 10.895 17.613 9.743 12.179 7.836 8.904 11.582 11.655 6.941 15.095 12.769 14.286 7.722 17.439 7.939 17.434 15.797 11.43 10.254 11.08 8.736 12.996 17.7 17.529 17.592 17.202 16.127 17.26 13.262 16.113 13.329 12.874 13.187 9.993 12.083 7.391 8.9 17.389 11.252 10.854 8.936 15.123 12.683 6.482 8.136 8.332 7.728 6.951 8.392 5.285 5.961 8.824 11.346 9.208 9.623 14.411 16.623 14.993 11.704 11.248 9.706 11.879 16.121 
10.787 10.599 10.26 9.268 17.735 9.278 9.77 11.028 18.272 12.661 13.696 12.444 10.473 18.74 9.531 10.433 12.265 10.148 13.138 15.65 2.435 4.84 2.717 4.058 0.0 5.414 15.137 4.147 3.471 8.552 9.433 8.756 16.189 16.184 8.072 8.546 8.592 9.647 16.785 11.62 11.029 9.651 10.964 9.522 10.09 7.615 16.877 10.979 14.593 9.66 16.764 7.231 16.873 16.593 11.741 8.909 9.483 7.544 11.881 16.452 16.874 16.685 16.893 14.494 18.755 14.889 14.347 11.734 12.432 11.588 8.693 11.601 8.189 9.985 16.291 10.188 12.483 7.849 13.607 12.074 6.676 6.566 6.614 7.57 6.64 6.579 7.102 7.356 6.658 9.138 8.946 9.692 13.426 15.135 14.448 10.623 10.286 9.09 12.237 14.71 
12.738 12.452 12.271 11.28 15.841 11.287 11.547 10.448 16.264 13.879 15.771 14.732 12.925 19.02 11.388 12.473 14.732 10.51 15.405 14.338 4.366 4.949 6.455 4.621 5.414 0.0 14.663 3.583 4.953 11.252 12.677 10.923 16.179 16.757 10.941 11.338 11.055 11.687 16.012 11.004 12.959 10.059 9.634 11.66 12.154 9.166 15.972 13.333 15.064 8.785 16.846 9.614 17.126 13.989 13.643 11.888 12.475 10.671 14.289 17.673 15.136 15.363 14.946 16.19 17.039 14.694 16.103 13.839 10.83 13.057 10.875 12.847 9.93 10.569 16.911 13.073 12.623 10.63 14.551 13.225 9.052 9.735 10.148 9.379 8.937 9.601 7.441 8.988 10.012 10.357 10.106 10.427 15.653 16.794 14.967 13.079 11.795 10.294 13.0 16.218 
17.666 17.597 17.156 17.874 18.835 17.877 17.541 16.635 19.521 17.072 19.177 18.566 16.549 17.057 14.777 16.528 17.697 14.838 18.464 17.877 14.977 15.076 15.585 14.543 15.137 14.663 0.0 14.969 15.322 17.556 17.164 12.673 14.645 14.529 14.007 15.628 14.764 13.388 16.166 17.403 18.313 16.964 16.693 15.973 15.464 17.209 16.435 16.396 8.057 16.866 14.338 15.116 14.51 19.173 15.575 16.453 17.365 16.348 16.262 15.751 16.652 16.73 17.081 19.637 20.705 16.648 19.194 18.891 14.358 17.951 13.497 18.065 14.209 17.151 17.307 17.653 18.323 16.376 16.836 19.057 16.148 16.423 17.371 16.38 15.856 17.486 16.392 16.629 17.391 15.247 12.346 12.239 18.515 18.932 17.649 15.201 14.917 14.13 15.108 17.545 
12.63 12.465 12.262 11.01 17.526 11.018 11.106 11.095 18.062 13.528 15.964 14.934 12.654 19.885 11.258 12.37 14.497 10.835 15.564 15.656 3.649 3.95 4.925 3.664 4.147 3.583 14.969 0.0 4.801 10.605 12.356 10.695 16.684 17.063 10.498 10.679 10.976 11.431 17.082 10.938 12.781 9.745 10.51 11.66 12.492 8.682 16.505 13.551 15.27 9.473 17.414 9.883 17.519 16.047 13.542 11.784 12.344 10.31 14.358 17.948 16.891 16.964 16.67 16.868 18.428 14.589 16.409 13.836 12.048 13.106 10.539 12.257 9.744 10.55 17.368 12.217 12.114 10.335 15.252 13.257 8.716 9.413 9.727 9.568 8.694 9.069 7.191 8.082 9.451 10.871 10.475 10.754 15.875 17.299 15.449 13.06 12.07 10.392 13.488 16.698 
11.499 11.399 11.187 10.327 15.4 10.339 10.289 11.415 15.918 12.748 14.242 13.451 12.055 18.671 10.586 11.22 13.388 10.792 13.825 14.548 3.303 4.297 4.08 4.806 3.471 4.953 15.322 4.801 0.0 8.689 10.917 10.18 16.254 16.395 9.923 9.862 10.055 10.801 16.32 10.417 12.352 10.253 10.902 10.33 11.206 8.374 16.573 11.852 14.885 9.05 16.754 8.072 16.873 14.816 12.623 10.024 10.799 8.809 12.764 16.664 15.847 15.859 15.678 14.687 17.689 14.843 14.348 11.993 11.445 11.761 10.238 11.716 9.499 10.26 16.264 11.257 11.952 9.106 14.316 12.613 7.716 7.812 8.196 9.07 7.252 7.298 8.094 7.906 7.85 9.901 9.444 10.239 14.114 15.207 14.364 11.846 11.128 9.577 12.647 14.827 
10.859 12.167 11.898 11.489 15.035 11.497 12.216 14.787 15.7 12.269 10.928 12.819 12.797 15.824 12.703 12.289 12.251 14.207 12.597 12.33 8.457 10.294 7.742 10.357 8.552 11.252 17.556 10.605 8.689 0.0 8.049 12.392 15.209 14.937 11.385 9.962 12.481 12.119 15.521 15.832 11.644 14.433 16.022 8.923 11.953 11.281 16.18 12.283 16.228 13.89 15.474 8.949 15.518 13.732 13.227 7.885 7.769 8.122 12.013 14.314 15.521 15.639 16.386 10.022 15.16 16.758 8.947 7.015 13.163 7.953 12.177 8.826 11.946 14.77 14.513 6.975 15.464 8.178 10.661 11.058 10.449 6.986 8.028 10.332 7.053 6.282 11.976 10.779 7.379 11.107 13.351 14.74 10.988 11.911 11.368 12.049 13.955 12.74 15.969 11.997 
10.124 11.389 10.851 10.915 18.525 10.921 12.084 14.856 18.857 13.817 9.213 7.71 8.442 15.114 9.542 9.312 8.15 11.834 8.293 14.683 10.024 12.409 9.256 11.202 9.433 12.677 17.164 12.356 10.917 8.049 0.0 8.316 16.148 15.359 6.463 7.374 7.86 9.156 16.522 17.263 8.953 13.772 15.629 9.144 7.016 10.413 19.113 7.765 15.046 14.323 15.768 5.589 15.96 17.182 10.408 4.376 2.323 4.549 7.373 14.158 16.027 16.049 17.61 7.476 18.669 17.819 9.512 7.65 14.377 9.391 8.868 12.289 9.982 14.069 14.754 7.104 17.154 5.159 9.481 11.892 8.54 5.322 5.767 7.044 6.898 7.008 11.545 10.634 6.452 10.582 10.443 11.859 7.325 9.821 12.451 7.16 10.168 10.654 13.403 9.806 
12.31 12.535 11.923 11.601 20.314 11.608 12.32 13.014 19.923 14.571 13.462 9.736 7.002 18.583 6.331 8.441 9.835 8.68 10.801 18.609 9.363 11.368 9.09 9.886 8.756 10.923 12.673 10.695 10.18 12.392 8.316 0.0 18.667 18.163 4.47 6.864 3.909 5.179 19.526 14.74 11.083 12.175 12.885 10.765 5.863 10.077 17.225 7.449 11.774 12.372 18.802 7.144 18.981 18.624 10.522 8.436 8.968 7.947 8.366 17.491 17.524 17.518 18.106 13.705 20.173 16.128 15.26 12.656 15.352 13.825 3.454 15.223 8.771 11.696 17.574 12.066 16.46 7.795 14.399 14.45 8.11 8.274 8.66 7.941 8.587 9.757 10.541 10.31 8.899 10.257 4.354 5.473 11.563 13.929 16.357 6.866 5.689 6.361 9.523 13.431 
14.601 14.758 14.931 15.331 15.082 15.336 15.692 18.023 15.429 14.475 13.949 18.485 18.332 8.477 17.988 17.765 16.77 18.031 17.057 13.639 16.27 16.228 16.336 16.838 16.189 16.179 14.645 16.684 16.254 15.209 16.148 18.667 0.0 2.706 18.059 16.057 18.553 17.197 5.192 17.557 15.357 17.998 19.376 14.605 17.573 17.056 18.161 17.077 15.992 18.531 3.186 16.655 3.603 15.478 16.728 15.398 15.713 15.856 17.122 5.63 10.275 9.286 10.78 15.469 15.704 16.929 14.387 14.424 12.941 13.2 18.066 14.85 16.777 17.516 5.402 14.73 14.889 16.151 10.798 13.185 17.508 15.812 16.107 18.073 16.658 15.257 17.587 17.148 15.543 14.42 18.634 19.313 16.882 15.612 12.526 17.497 19.115 17.979 19.089 15.239 
14.41 14.317 14.427 14.958 16.246 14.964 15.437 18.266 16.395 14.559 13.234 17.853 17.736 8.121 17.763 17.429 16.239 18.178 16.414 14.107 16.405 16.442 16.145 16.988 16.184 16.757 14.529 17.063 16.395 14.937 15.359 18.163 2.706 0.0 17.543 15.529 17.845 16.757 6.415 17.664 15.1 17.989 19.637 14.208 17.074 16.715 18.455 16.526 15.923 18.568 2.975 16.151 3.12 16.207 16.076 14.572 14.926 15.146 16.412 4.171 10.998 10.143 11.812 14.947 16.301 17.218 14.078 14.011 13.535 13.047 17.515 14.935 16.226 17.267 5.508 14.27 14.905 15.432 10.495 12.997 17.232 15.392 15.554 17.797 16.375 14.849 17.529 16.932 15.098 14.17 18.279 19.014 16.299 15.224 12.271 16.84 18.745 17.675 18.664 14.83 
11.02 10.894 10.12 10.27 20.516 10.276 11.144 12.699 20.013 14.205 11.869 7.651 6.044 18.526 6.426 8.065 8.952 7.903 8.816 18.292 8.749 10.594 8.345 9.022 8.072 10.941 14.007 10.498 9.923 11.385 6.463 4.47 18.059 17.543 0.0 6.593 5.38 6.353 19.239 14.365 9.166 11.046 12.642 9.908 6.038 8.734 17.316 7.105 12.205 11.943 18.355 5.783 18.486 19.454 7.92 6.906 7.123 6.214 6.585 17.193 18.321 18.222 19.038 12.326 20.429 15.862 13.84 11.421 15.023 12.719 5.516 13.742 7.3 11.142 17.462 9.708 15.614 6.072 13.416 12.906 6.117 6.475 6.908 5.763 7.077 8.302 9.364 8.574 7.264 10.54 6.393 7.658 9.223 12.276 14.712 4.926 6.529 7.424 9.647 11.685 
9.082 9.614 9.127 8.793 18.294 8.794 9.418 13.775 17.937 11.18 10.84 8.764 6.582 15.884 6.057 8.286 8.374 9.757 9.186 16.04 8.955 11.265 8.06 10.407 8.546 11.338 15.628 10.679 9.862 9.962 7.374 6.864 16.057 15.529 6.593 0.0 7.702 4.516 16.683 14.742 8.449 12.125 14.362 8.765 6.492 8.807 17.985 6.649 14.029 12.975 16.177 8.594 16.239 17.9 9.942 7.64 7.437 7.646 7.338 14.631 15.586 15.589 16.741 11.114 17.544 16.033 11.32 8.722 12.936 9.089 5.327 10.89 10.146 11.443 14.462 8.818 15.385 7.026 11.65 11.369 8.096 6.875 7.588 8.199 7.782 6.6 10.569 9.346 5.173 10.235 9.117 10.572 9.57 10.572 12.755 6.296 7.531 6.271 12.204 10.158 
11.587 11.964 11.442 10.716 20.272 10.723 11.545 12.918 20.58 14.711 13.398 9.377 7.001 18.105 7.334 7.423 9.053 9.78 10.586 17.954 9.345 11.687 9.201 10.325 8.592 11.055 14.764 10.976 10.055 12.481 7.86 3.909 18.553 17.845 5.38 7.702 0.0 7.306 19.019 15.4 10.922 12.551 13.063 10.512 6.457 9.915 18.559 7.755 13.671 12.292 18.414 6.52 18.7 18.18 11.291 8.209 8.531 7.216 9.005 16.916 17.702 17.565 18.447 13.412 20.554 17.177 15.382 12.932 15.021 13.911 5.363 16.012 9.046 11.915 16.976 12.51 16.564 7.211 13.363 14.333 8.567 8.219 8.075 7.934 9.207 9.431 10.691 11.015 8.769 9.27 5.967 6.653 12.073 14.14 16.324 7.654 6.382 7.85 10.16 13.578 
10.838 10.966 10.273 10.237 19.938 10.237 10.997 13.044 19.324 12.327 12.48 9.527 7.262 16.815 5.685 9.046 9.892 8.472 10.032 18.053 10.037 11.936 9.681 10.895 9.647 11.687 13.388 11.431 10.801 12.119 9.156 5.179 17.197 16.757 6.353 4.516 7.306 0.0 17.718 14.991 10.591 12.363 13.517 9.596 5.489 10.229 16.922 6.091 12.008 12.974 17.362 9.081 17.482 19.017 9.633 9.244 9.247 9.059 7.37 15.721 15.325 15.34 16.175 12.941 19.507 15.746 13.79 11.359 14.315 12.05 4.175 13.252 10.109 11.698 15.802 11.284 16.402 8.748 13.618 13.348 8.436 8.067 9.303 8.622 8.686 8.858 10.799 10.151 7.744 10.572 7.291 8.661 10.547 12.139 14.788 5.926 5.69 4.428 11.057 11.447 
14.371 14.768 15.167 15.225 13.454 15.228 15.5 16.852 13.897 14.433 14.968 18.684 19.172 7.048 18.588 17.661 16.629 18.411 17.274 12.131 16.748 16.774 17.199 17.613 16.785 16.012 16.166 17.082 16.32 15.521 16.522 19.526 5.192 6.415 19.239 16.683 19.019 17.718 0.0 18.821 16.735 19.106 17.876 14.655 17.681 17.948 16.941 17.383 17.259 17.987 4.83 17.231 5.06 13.617 18.32 16.119 16.025 16.584 17.698 7.077 7.697 6.374 7.238 14.564 14.923 17.973 13.458 14.093 11.766 12.504 19.051 15.183 18.46 19.14 6.026 15.351 16.217 16.895 10.939 14.882 18.417 16.189 16.797 18.517 17.319 15.389 18.216 18.402 15.776 14.461 19.307 19.657 17.087 15.239 13.455 18.257 19.092 18.33 19.44 15.168 
16.77 14.917 14.719 14.064 14.69 14.081 13.522 12.074 13.642 16.0 17.959 17.439 15.729 20.489 14.258 15.726 18.676 12.247 17.949 17.742 11.176 8.866 10.825 9.743 11.62 11.004 17.403 10.938 10.417 15.832 17.263 14.74 17.557 17.664 14.365 14.742 15.4 14.991 18.821 0.0 16.138 8.233 9.479 16.514 16.684 9.32 13.129 16.978 16.427 7.025 17.87 13.349 17.504 14.153 13.63 14.933 16.993 14.099 16.877 18.291 18.568 19.414 17.595 20.69 12.332 9.96 20.08 17.316 15.7 16.981 14.329 14.747 11.105 7.921 17.187 16.14 6.059 13.976 19.765 15.563 11.04 14.302 13.95 13.694 12.558 13.561 9.982 9.119 14.047 16.115 12.422 12.713 18.663 20.151 18.106 15.87 14.834 12.555 12.186 19.665 
12.365 11.394 10.886 11.701 17.612 11.707 12.529 15.044 17.735 15.652 7.951 9.015 9.215 16.702 10.677 11.565 10.594 11.943 9.348 14.047 11.348 12.918 10.752 12.179 11.029 12.959 18.313 12.781 12.352 11.644 8.953 11.083 15.357 15.1 9.166 8.449 10.922 10.591 16.735 16.138 0.0 12.5 15.314 12.78 10.349 9.835 19.058 9.6 16.691 14.262 15.99 10.253 16.173 17.151 9.779 8.66 8.96 8.79 8.731 15.626 17.82 17.649 19.168 12.048 17.946 17.04 12.215 10.549 13.13 10.723 10.234 12.734 10.637 11.545 15.112 9.278 15.753 8.833 10.339 8.056 9.682 9.712 8.689 9.665 10.461 10.1 11.947 11.01 9.253 13.736 12.469 13.384 9.388 11.189 10.03 8.133 11.015 11.103 12.861 9.971 
15.169 11.721 11.502 11.185 15.174 11.2 11.648 7.548 14.292 16.322 14.88 13.662 12.653 20.164 11.937 12.938 15.431 10.095 14.881 17.687 9.87 8.284 9.273 7.836 9.651 10.059 16.964 9.745 10.253 14.433 13.772 12.175 17.998 17.989 11.046 12.125 12.551 12.363 19.106 8.233 12.5 0.0 5.855 15.383 13.581 5.59 12.613 14.202 15.588 5.405 18.33 10.648 18.096 14.866 10.498 11.996 13.402 10.778 13.912 18.223 19.493 19.34 18.346 18.027 13.954 9.242 18.323 15.23 16.14 15.205 11.613 13.658 8.234 5.666 17.488 12.884 8.693 11.342 16.819 13.273 7.42 11.26 10.088 9.456 10.158 11.363 5.505 6.551 11.523 15.242 11.146 11.272 15.409 18.407 16.268 12.567 11.937 10.616 10.506 17.784 
16.269 13.867 13.58 12.643 13.293 12.655 13.241 6.46 12.474 17.143 17.277 14.948 13.978 19.593 13.303 14.385 17.399 9.897 16.408 14.461 10.943 9.347 11.202 8.904 10.964 9.634 16.693 10.51 10.902 16.022 15.629 12.885 19.376 19.637 12.642 14.362 13.063 13.517 17.876 9.479 15.314 5.855 0.0 15.677 14.075 8.847 10.393 15.014 15.738 5.627 19.399 11.56 19.488 11.491 12.207 14.037 15.009 12.796 15.216 20.034 17.034 17.292 16.018 18.195 12.078 9.466 18.282 17.131 15.4 17.094 12.671 16.544 9.241 7.237 19.394 16.283 11.13 13.127 18.032 15.838 9.195 12.68 12.417 10.328 11.569 13.054 6.689 8.974 13.455 15.15 10.863 10.463 16.945 18.918 17.894 13.996 11.985 11.161 10.144 18.828 
6.622 9.901 9.316 8.409 17.093 8.399 9.735 14.26 17.27 8.013 12.642 12.001 10.304 14.969 10.42 11.085 11.322 12.041 11.732 15.235 9.383 12.011 9.682 11.582 9.522 11.66 15.973 11.66 10.33 8.923 9.144 10.765 14.605 14.208 9.908 8.765 10.512 9.596 14.655 16.514 12.78 15.383 15.677 0.0 10.16 12.304 18.322 10.635 14.533 14.536 14.864 9.524 15.065 16.356 11.927 9.515 8.76 9.681 10.915 13.034 13.458 13.617 14.554 11.525 17.919 18.867 10.864 9.789 11.531 9.909 10.25 10.954 11.223 14.844 13.925 10.304 16.848 8.644 11.167 13.061 10.838 7.167 9.764 9.903 8.616 6.751 12.173 11.804 6.738 6.415 11.76 13.079 11.586 11.34 13.528 10.493 11.48 10.704 14.556 11.39 
10.928 12.023 11.429 11.188 19.594 11.192 12.171 14.151 19.817 13.696 11.79 7.058 6.945 15.918 6.225 8.333 8.211 8.593 8.051 17.619 10.625 13.0 10.558 11.655 10.09 12.154 15.464 12.492 11.206 11.953 7.016 5.863 17.573 17.074 6.038 6.492 6.457 5.489 17.681 16.684 10.349 13.581 14.075 10.16 0.0 11.305 17.953 3.281 13.308 13.929 17.419 7.898 17.701 18.907 9.98 8.518 7.31 8.332 5.776 15.421 15.443 15.424 16.643 10.209 20.369 17.098 12.593 10.913 15.062 12.278 6.239 14.733 10.753 13.079 15.747 11.455 18.161 8.552 12.778 14.121 8.254 7.545 8.493 7.226 8.686 9.069 11.491 11.09 7.818 10.309 7.534 8.959 8.479 10.394 15.032 4.955 5.05 6.463 11.228 10.292 
12.338 9.92 9.501 8.934 16.437 8.945 9.615 9.622 16.108 14.045 12.422 11.347 10.152 18.93 9.855 10.746 12.926 9.77 12.556 16.734 7.613 7.684 6.482 6.941 7.615 9.166 17.209 8.682 8.374 11.281 10.413 10.077 17.056 16.715 8.734 8.807 9.915 10.229 17.948 9.32 9.835 5.59 8.847 12.304 11.305 0.0 15.575 11.816 15.511 6.143 17.201 7.724 17.083 15.898 9.694 8.449 10.042 7.234 11.588 16.857 18.604 18.573 18.448 14.89 16.415 12.807 15.272 11.881 14.061 11.914 9.203 11.482 6.786 5.964 16.259 10.169 9.675 7.259 13.462 11.168 5.819 8.16 6.988 7.33 7.237 7.831 5.356 5.353 8.079 12.701 9.757 10.425 13.046 15.639 13.858 10.203 10.585 8.894 10.053 14.948 
17.577 18.239 17.982 18.022 11.868 18.043 18.292 12.844 10.029 15.298 18.574 18.497 18.24 17.285 17.296 18.476 19.944 14.224 19.32 15.654 16.851 15.242 16.541 15.095 16.877 15.972 16.435 16.505 16.573 16.18 19.113 17.225 18.161 18.455 17.316 17.985 18.559 16.922 16.941 13.129 19.058 12.613 10.393 18.322 17.953 15.575 0.0 18.39 15.056 13.02 18.122 16.811 17.888 13.343 14.012 18.238 18.666 18.029 17.965 17.539 16.411 16.965 15.75 17.434 9.493 6.744 14.788 14.945 16.974 14.245 16.938 13.785 14.098 13.632 16.857 17.497 14.28 18.172 17.833 18.921 14.741 17.822 17.817 15.963 16.057 17.859 14.103 13.925 18.389 19.246 15.005 14.71 18.969 18.044 17.338 17.513 16.112 15.131 13.997 18.909 
11.019 11.678 11.058 11.235 19.257 11.242 11.996 15.196 19.425 13.709 10.827 6.768 7.396 15.949 6.755 9.052 8.368 9.2 7.148 17.016 11.672 13.742 11.341 12.769 10.979 13.333 16.396 13.551 11.852 12.283 7.765 7.449 17.077 16.526 7.105 6.649 7.755 6.091 17.383 16.978 9.6 14.202 15.014 10.635 3.281 11.816 18.39 0.0 13.952 14.731 17.099 8.978 17.338 18.747 9.58 8.889 7.823 8.848 4.673 15.276 15.617 15.561 16.862 10.106 19.956 17.555 12.356 10.895 14.683 12.168 7.416 14.912 11.504 13.277 15.529 11.498 18.255 9.327 12.673 13.392 8.856 8.236 8.965 8.662 9.579 9.44 12.5 11.579 8.127 11.361 8.74 10.223 7.835 9.497 14.023 4.255 5.712 6.974 11.512 8.885 
16.803 16.734 16.158 16.756 17.4 16.761 16.722 16.109 17.025 16.482 17.299 16.029 14.283 17.553 12.716 14.118 15.145 13.052 15.694 18.961 14.653 14.942 14.881 14.286 14.593 15.064 8.057 15.27 14.885 16.228 15.046 11.774 15.992 15.923 12.205 14.029 13.671 12.008 17.259 16.427 16.691 15.588 15.738 14.533 13.308 15.511 15.056 13.952 0.0 15.807 15.497 13.669 15.729 19.126 12.649 14.581 15.167 14.684 13.181 16.178 17.367 17.353 17.492 18.057 19.19 15.035 18.801 17.174 15.424 17.41 12.203 17.649 12.939 15.774 17.368 15.765 17.695 14.581 18.047 18.61 14.126 14.324 15.7 14.553 13.97 15.685 15.224 14.653 15.548 14.141 11.448 11.855 15.353 17.322 18.68 12.497 13.017 12.54 12.172 16.651 
15.018 12.554 12.272 11.519 13.434 11.532 11.86 7.732 13.162 15.812 15.946 14.74 13.729 20.188 12.618 13.164 16.391 10.793 15.818 14.256 9.187 7.615 9.284 7.722 9.66 8.785 16.866 9.473 9.05 13.89 14.323 12.372 18.531 18.568 11.943 12.975 12.292 12.974 17.987 7.025 14.262 5.405 5.627 14.536 13.929 6.143 13.02 14.731 15.807 0.0 18.695 9.947 18.622 11.306 11.926 12.124 13.834 10.767 14.74 18.855 17.116 17.439 16.15 17.547 12.574 10.648 17.665 15.371 13.809 15.224 12.095 14.134 8.836 6.503 18.228 14.207 8.827 11.205 16.824 14.216 8.375 11.36 10.873 10.12 10.031 11.105 6.176 7.739 11.9 14.129 10.614 10.856 16.293 18.272 16.254 13.497 12.341 10.64 10.554 17.782 
14.945 14.908 15.082 15.555 15.232 15.561 15.937 18.204 15.59 15.119 14.051 18.354 18.416 6.95 18.247 17.68 16.454 18.455 16.981 13.578 16.915 16.871 16.841 17.439 16.764 16.846 14.338 17.414 16.754 15.474 15.768 18.802 3.186 2.975 18.355 16.177 18.414 17.362 4.83 17.87 15.99 18.33 19.399 14.864 17.419 17.201 18.122 17.099 15.497 18.695 0.0 16.702 1.332 15.563 16.948 15.232 15.384 15.845 17.124 4.413 9.345 8.433 10.105 14.713 15.902 17.225 14.009 14.176 13.395 13.024 18.141 15.367 16.94 17.827 5.299 14.998 15.16 16.042 10.6 14.302 18.033 16.105 16.361 18.388 17.033 15.516 18.024 17.631 15.825 14.586 18.655 19.162 16.894 15.467 13.179 17.578 19.239 18.187 18.789 15.297 
10.934 10.691 10.079 9.951 17.405 9.962 10.975 11.408 17.998 14.084 10.796 9.08 9.006 17.625 9.253 9.183 10.539 9.732 9.908 15.185 7.568 9.034 7.233 7.939 7.231 9.614 15.116 9.883 8.072 8.949 5.589 7.144 16.655 16.151 5.783 8.594 6.52 9.081 17.231 13.349 10.253 10.648 11.56 9.524 7.898 7.724 16.811 8.978 13.669 9.947 16.702 0.0 16.893 16.103 9.3 4.528 5.551 3.156 8.635 15.724 16.757 16.698 17.313 10.969 19.333 15.686 12.615 10.146 13.748 11.517 8.203 12.677 6.769 10.837 15.986 8.905 13.978 4.275 11.625 11.79 5.971 4.925 5.2 5.58 5.095 6.728 8.418 8.069 6.96 9.819 7.459 8.754 9.787 12.62 13.168 7.905 9.107 9.141 10.518 12.237 
15.086 14.942 15.115 15.667 15.212 15.674 15.961 18.379 15.509 15.104 14.201 18.578 18.6 6.836 18.425 17.861 16.59 18.629 17.139 13.684 17.042 16.846 16.819 17.434 16.873 17.126 14.51 17.519 16.873 15.518 15.96 18.981 3.603 3.12 18.486 16.239 18.7 17.482 5.06 17.504 16.173 18.096 19.488 15.065 17.701 17.083 17.888 17.338 15.729 18.622 1.332 16.893 0.0 15.575 16.901 15.366 15.569 15.968 17.261 4.371 9.627 8.748 10.26 14.833 15.659 16.855 14.043 14.249 13.615 13.082 18.272 15.164 16.811 17.57 5.261 14.889 14.656 16.176 11.21 14.365 18.084 16.253 16.506 18.646 17.107 15.602 18.028 17.465 15.932 15.049 18.794 19.3 17.015 15.508 13.166 17.748 19.493 18.309 18.799 15.406 
16.375 16.891 17.129 16.828 8.693 16.834 16.591 13.602 9.712 16.798 14.691 18.631 20.029 15.134 18.937 18.541 17.759 16.782 17.276 6.555 15.809 15.084 16.804 15.797 16.593 13.989 19.173 16.047 14.816 13.732 17.182 18.624 15.478 16.207 19.454 17.9 18.18 19.017 13.617 14.153 17.151 14.866 11.491 16.356 18.907 15.898 13.343 18.747 19.126 11.306 15.563 16.103 15.575 0.0 19.113 16.755 16.213 16.716 17.921 16.34 13.348 13.812 12.895 12.864 8.6 13.533 12.7 13.539 11.586 12.928 18.725 14.217 16.764 14.769 15.099 14.849 16.232 17.192 13.913 14.685 17.139 16.122 17.267 17.434 16.128 15.169 15.401 17.076 16.267 16.95 16.273 15.742 15.816 14.007 11.433 19.045 18.276 17.258 15.079 14.18 
